[[0.01083032]
 [0.00361011]
 [0.        ]
 [0.        ]
 [0.01083032]
 [0.00361011]
 [0.        ]
 [0.        ]
 [0.        ]
 [0.        ]
 [0.00722022]
 [0.00722022]
 [0.00722022]
 [0.        ]
 [0.00722022]
 [0.00361011]
 [0.00361011]
 [0.        ]
 [0.        ]
 [0.00361011]
 [0.        ]
 [0.01083032]
 [0.        ]
 [0.        ]
 [0.        ]
 [0.        ]
 [0.        ]
 [0.        ]
 [0.        ]
 [0.        ]
 [0.        ]
 [0.        ]
 [0.        ]
 [0.        ]
 [0.01083032]
 [0.        ]
 [0.01444043]
 [0.        ]
 [0.02527076]
 [0.05054152]
 [0.01805054]
 [0.10108303]
 [0.03610108]
 [0.02166065]
 [0.06498195]
 [0.0433213 ]
 [0.07220217]
 [0.03249097]
 [0.14079422]
 [0.14801444]
 [0.68592058]
 [0.45126354]
 [0.433213  ]
 [0.42238267]
 [0.39711191]
 [0.46931408]
 [0.55234657]
 [0.44404332]
 [0.76534296]
 [0.38267148]
 [0.62093863]
 [0.84837545]
 [0.46931408]
 [0.57400722]
 [0.54151625]
 [0.5631769 ]
 [0.50541516]
 [0.51263538]
 [0.75090253]
 [0.7833935 ]
 [0.54151625]
 [0.64620939]
 [0.47292419]
 [0.61371841]
 [0.5631769 ]
 [0.39350181]
 [0.42599278]
 [0.66425993]
 [0.55234657]
 [0.48375451]
 [0.61371841]
 [0.30685921]
 [0.39711191]
 [0.24909747]
 [0.19494585]
 [0.3032491 ]
 [0.1299639 ]
 [0.20577617]
 [0.18050542]
 [0.25631769]
 [0.31768953]
 [0.18411552]
 [0.13718412]
 [0.14440433]
 [0.11191336]
 [0.33935018]
 [0.20577617]
 [0.24909747]
 [0.37906137]
 [0.44043321]
 [0.19855596]
 [0.10830325]
 [0.16245487]
 [0.14079422]
 [0.24548736]
 [0.19494585]
 [0.24187726]
 [0.25270758]
 [0.05776173]
 [0.13357401]
 [0.14440433]
 [0.1299639 ]
 [0.06137184]
 [0.07942238]
 [0.16967509]
 [0.13357401]
 [0.11191336]
 [0.18050542]
 [0.28158845]
 [0.1732852 ]
 [0.2166065 ]
 [0.62093863]
 [0.67509025]
 [0.05415162]
 [0.03610108]
 [0.37184116]
 [0.10830325]
 [0.20577617]
 [0.13718412]
 [0.07220217]
 [0.33574007]
 [1.        ]
 [0.06859206]
 [0.13357401]
 [0.06859206]]